1510
513
9270
500
899
2582
1671
11577
18624
10843
14588
37785
28440
216228
207195
512
24823
321
1608
407
10378
2166
8290
9713
3128
2970
822
3130
311
605
297
977
40388
534
1931
12786
38125
2973
1650
4214
1977
2974
254
4235
284
1260
1839
485
289
3054
1147
995
242
1804
1773
793
274
1261
1925
927
805
798
276
288
3994
306
51
2482
233
309
259
909
876
902
1014
884
2603
1424
1606
1444
1758
1377
1731
1743
1905
3179
2585
2567
2617
2790
8122
2463
3375
3774
3628
4019
5656
5649
5655
3428
5436
7157
7883
8560
6811
98371
8452
9717
8990
9853
8474
9912
22759
10380
10227
11180
10440
10377
13485
12333
10639
12703
17883
16235
18631
18635
23161
24790
20851
22657
25444
21900
28431
28230
23685
33355
26825
24508
29426
33255
27364
26800
28900
37137
27334
37897
27236
37154
31413
47276
43525
29648
40339
40651
40310
41488
37673
41658
49294
43557
55113
48031
48034
41245
46728
54433
50814
49131
46307
62285
37898
56159
46828
51928
23119
66186
58949
72109
69944
58850
75702
68812
46826
68035
59664
49278
80778
47889
68031
78405
59583
77570
85204
89511
80548
72942
83869
48880
68756
74628
56116
64172
81674
89216
84171
88493
89485
93739
81186
90880
94236
93714
99505
83868
99748
92382
91222
86670
90367
103127
95225
100040
93545
110467
100444
109328
59825
100205
84386
100403
106818
101399
110600
106292
99796
115732
102134
110568
90815
112151
115908
117558
120445
120925
120187
136311
119344
138829
138960
127573
139408
126461
118783
72266
94040
136213
131891
137722
146994
149993
119394
7707
117601
150490
163046
148361
142812
144357
141799
155704
185001
165553
147568
169425
150775
170261
176518
150746
148142
160209
117777
176599
165972
187112
152091
174584
167434
168634
147068
203861
168417
131800
54550
185762
188412
191956
188091
176478
174592
179949
198395
186515
148099
193378
200547
207573
132734
202240
172498
193042
204483
194261
198675
195816
175596
200704
212278
208930
204145
210272
220848
213076
213329
211567
109375
238416
234349
218708
215158
227240
215425
214671
198098
211066
219200
219658
210458
219568
218711
216311
213816
212003
217249
239839
221127
236103
129807
231474
175404
216310
220375
231722
214265
235130
239270
215618
221736
248154
240038
220658
252655
243981
241158
226540
240562
218712
236510
236196
228378
246429
234295
237423
256114
248208
248175
239646
216372
260680
265372
265708
268070
252321
272510
277518
262939
269235
269090
248665
278557
231497
276150
298010
266070
262940
220445
246430
294713
292359
280516
280678
299202
278826
277954
299498
290993
294993
301541
297340
295862
296659
301369
282372
312979
306429
279059
295778
301601
262897
282000
292527
315069
296151
316607
29883
296367
311784
311615
297254
294337
287488
309753
305058
315490
325281
306742
322535
295090
386772
348598
330973
335225
322193
309670
262547
314638
318543
407576
318227
333158
347953
356756
333664
324295
326895
331489
284524
262898
315745
364450
316131
356774
354414
385928
362575
345980
290980
331445
328609
320493
362577
378862
354042
364822
362335
394260
404804
357961
376703
387803
398943
409088
377769
365437
386809
402656
428735
425992
408351
369304
390794
386195
427233
340167
364252
407332
404115
432583
426239
433729
437206
441795
444334
406119
425605
448655
484023
404809
444403
405785
431767
425909
416777
283643
448478
429644
469877
495562
485154
476808
448657
500557
480441
443428
424883
393037
425988
428823
410346
424573
474906
484761
464561
464376
397604
409576
442614
431370
467461
505895
460306
429305
437532
471839
404480
485868
492352
1707
234
1529
847
488177
454684
479788
501023
430699
443930
498934
482719
505776
513018
492881
509297
511207
363957
506922
437593
509986
531159
485936
489499
558645
527620
484623
398951
513345
467930
496086
512190
510256
528438
524707
413567
470660
566600
520842
543189
539395
507634
353181
442615
